Aa      	Ab      	Ac      	Ad      	Ae      	Af      	ST01    	SU02    	D03     	ST04    	SU05    	D06     	D07     	SU08    	ST09    	SU10    	D11     	ST12    	SU13    	D14     	D15     	SU16    	ST17    	SU18    	D19     	ST20    	SU21    	D22     	D23     	SU24    	ST25    	SU26    	D27     	ST28    	SU29    	D30     	D31     	SU32    	Ca      	Cb      	Cc      	Cd      	Ce      	Cf      	Cg      	Ch      	Da      	Db      	Dc      	Dd      	De      	Df      	Dg      	Dh      	Di      	Dj      	Age     	Attitude	Points  	gender
   3	  1	  2	  1	  1	  1	  4	  2	  4	  4	  2	  4	  4	  3	  3	  2	  3	  3	  3	  4	  3	  2	  3	  2	  4	  2	  3	  3	  2	  2	  4	  4	  4	  4	  3	  4	  4	  3	  2	  4	  3	  4	  3	  2	  3	  4	  3	  4	  4	  5	  4	  2	  4	  3	  4	  4	 53	 37	 25	F
   2	  2	  2	  2	  1	  1	  4	  2	  4	  4	  4	  2	  3	  4	  4	  1	  4	  1	  3	  2	  3	  4	  4	  2	  3	  1	  2	  2	  3	  4	  2	  4	  2	  2	  3	  3	  4	  5	  4	  4	  4	  5	  5	  3	  2	  4	  4	  3	  3	  4	  3	  2	  3	  3	  2	  4	 55	 31	 12	M
   4	  1	  1	  1	  1	  1	  3	  1	  4	  4	  2	  3	  4	  1	  3	  1	  4	  4	  2	  4	  2	  3	  3	  1	  4	  3	  2	  4	  3	  3	  4	  4	  3	  5	  2	  4	  3	  5	  3	  5	  4	  4	  3	  4	  4	  2	  1	  4	  4	  1	  4	  1	  3	  1	  1	  5	 49	 25	 24	F
   4	  2	  3	  2	  1	  1	  3	  3	  4	  4	  3	  4	  4	  2	  3	  1	  3	  3	  2	  4	  3	  2	  3	  1	  3	  3	  3	  3	  3	  2	  3	  2	  3	  3	  3	  4	  4	  3	  3	  4	  4	  4	  3	  4	  4	  3	  2	  4	  5	  2	  5	  1	  5	  4	  2	  5	 53	 35	 10	M
   3	  2	  2	  1	  2	  1	  4	  2	  5	  3	  4	  4	  4	  3	  4	  2	  4	  2	  3	  4	  3	  3	  4	  1	  4	  3	  2	  3	  3	  4	  4	  3	  3	  5	  3	  3	  4	  4	  2	  4	  4	  3	  3	  3	  4	  4	  3	  4	  4	  4	  4	  2	  5	  5	  3	  3	 49	 37	 22	M
   4	  2	  1	  1	  1	  1	  4	  3	  5	  4	  3	  5	  5	  4	  4	  1	  5	  3	  1	  5	  4	  2	  3	  2	  4	  3	  4	  5	  4	  2	  4	  2	  5	  4	  2	  5	  5	  3	  3	  5	  4	  4	  3	  4	  5	  4	  3	  5	  4	  4	  4	  3	  4	  3	  3	  5	 38	 38	 21	F
   4	  1	  2	  2	  1	  1	  5	  2	  4	  2	  2	  3	  4	  4	  2	  1	  5	  2	  1	  5	  2	  3	  4	  1	  4	  1	  1	  4	  3	  2	  1	  1	  4	  1	  1	  4	  4	  4	  4	  5	  4	  4	  4	  5	  5	  3	  2	  4	  4	  5	  5	  1	  4	  4	  2	  4	 50	 35	 21	M
   3	  1	  2	  1	  1	  1	  4	  2	  4	  5	  4	  3	  4	  2	  4	  2	  3	  4	  2	  4	  2	  3	  3	  2	  4	  4	  3	  2	  2	  4	  4	  4	  4	  4	  2	  3	  4	  4	  2	  4	  4	  5	  3	  3	  3	  3	  2	  4	  4	  3	  4	  1	  4	  1	  1	  5	 37	 29	 31	F
   2	  1	  2	  1	  1	  1	  4	  1	  5	  5	  2	  4	  5	  4	  4	  1	  4	  4	  1	  4	  3	  4	  4	  1	  5	  4	  2	  4	  4	  2	  4	  4	  5	  5	  1	  4	  5	  3	  3	  5	  4	  5	  3	  3	  5	  5	  4	  2	  4	  5	  4	  4	  5	  4	  4	  2	 37	 38	 24	M
   3	  2	  1	  1	  1	  2	  4	  2	  4	  4	  4	  4	  4	  2	  4	  2	  4	  4	  2	  4	  4	  4	  4	  2	  4	  2	  4	  4	  4	  4	  4	  4	  4	  2	  2	  4	  4	  4	  2	  4	  4	  5	  4	  4	  4	  4	  1	  4	  4	  2	  2	  1	  1	  1	  1	  4	 42	 21	 26	F
   2	  2	  2	  2	  2	  2	  4	  2	  4	  4	  4	  4	  4	  2	  4	  2	  4	  4	  3	  4	  3	  3	  3	  2	  3	  3	  2	  3	  4	  4	  3	  2	  3	  4	  2	  3	  4	  4	  3	  3	  4	  4	  4	  3	  3	  3	  3	  4	  5	  4	  4	  4	  4	  4	  3	  4	 37	 39	 31	M
   5	  1	  2	  1	  1	  1	  5	  1	  4	  5	  3	  4	  4	  1	  5	  2	  4	  4	  1	  4	  4	  4	  5	  1	  3	  4	  2	  3	  3	  4	  5	  4	  5	  5	  1	  3	  5	  5	  3	  4	  5	  3	  5	  3	  4	  3	  3	  4	  4	  5	  4	  2	  3	  5	  4	  4	 34	 38	 31	F
   4	  1	  3	  1	  1	  2	  5	  2	  5	  4	  2	  4	  5	  1	  4	  2	  5	  4	  2	  5	  4	  1	  3	  2	  4	  3	  2	  4	  4	  2	  4	  4	  4	  2	  3	  3	  4	  4	  3	  5	  5	  3	  4	  4	  4	  3	  2	  4	  3	  1	  4	  1	  2	  2	  1	  4	 34	 24	 23	F
   2	  1	  3	  1	  1	  1	  4	  4	  3	  3	  2	  4	  4	  2	  4	  1	  2	  3	  2	  4	  2	  3	  4	  2	  4	  2	  4	  4	  2	  4	  4	  4	  2	  4	  3	  5	  4	  2	  2	  5	  2	  3	  3	  4	  5	  4	  2	  5	  5	  2	  4	  1	  3	  2	  1	  5	 34	 30	 25	F
   4	  1	  1	  1	  1	  1	  3	  1	  5	  2	  2	  4	  4	  4	  2	  1	  4	  1	  2	  4	  4	  2	  3	  2	  5	  1	  2	  5	  2	  2	  1	  4	  3	  1	  2	  5	  5	  4	  3	  1	  3	  4	  2	  4	  2	  4	  2	  2	  4	  1	  2	  5	  2	  3	  1	  4	 35	 26	 21	M
   1	  1	  1	  1	  1	  1	  5	  2	  4	  4	  4	  3	  3	  3	  2	  2	  3	  3	  4	  3	  3	  2	  3	  1	  3	  2	  2	  3	  3	  2	  3	  3	  3	  3	  3	  3	  3	  4	  5	  3	  4	  5	  5	  4	  3	  5	  2	  2	  4	  1	  4	  2	  3	  1	  1	  5	 46	 25	  0	F
   4	  2	  3	  2	  1	  1	  3	  2	  4	  5	  2	  4	  3	  2	  5	  2	  4	  3	  3	  4	  4	  3	  2	  1	  3	  4	  1	  4	  4	  3	  5	  4	  4	  4	  2	  2	  4	  3	  3	  4	  4	  2	  3	  2	  4	  3	  4	  4	  4	  5	  4	  2	  4	  5	  5	  4	 33	 41	 31	F
   3	  1	  1	  1	  1	  1	  3	  2	  5	  2	  3	  4	  5	  4	  1	  3	  4	  1	  2	  5	  3	  4	  1	  3	  3	  1	  1	  5	  5	  3	  1	  5	  2	  1	  2	  4	  4	  3	  3	  5	  3	  3	  4	  3	  5	  3	  2	  4	  3	  4	  3	  1	  3	  1	  1	  4	 32	 26	 20	F
   3	  2	  2	  1	  1	  1	  4	  2	  5	  4	  2	  4	  4	  2	  4	  2	  4	  2	  3	  4	  4	  3	  3	  3	  4	  3	  1	  2	  1	  3	  3	  4	  4	  3	  3	  2	  4	  2	  2	  4	  4	  3	  2	  2	  3	  4	  2	  3	  4	  2	  3	  2	  3	  3	  2	  2	 44	 26	 22	F
   2	  1	  1	  1	  1	  1	  4	  3	  4	  4	  4	  3	  4	  4	  2	  4	  4	  3	  4	  4	  4	  4	  3	  1	  4	  2	  4	  4	  5	  4	  4	  5	  4	  2	  4	  4	  5	  4	  2	  5	  4	  4	  4	  4	  3	  4	  1	  2	  2	  2	  2	  1	  2	  1	  1	  3	 29	 17	  9	M
   3	  1	  2	  1	  1	  1	  4	  3	  5	  5	  2	  4	  5	  4	  4	  1	  4	  4	  2	  4	  4	  2	  2	  2	  4	  4	  2	  4	  4	  3	  4	  4	  4	  3	  4	  4	  2	  4	  4	  5	  4	  4	  4	  4	  5	  3	  2	  4	  4	  2	  4	  1	  4	  1	  1	  4	 30	 27	 24	F
   4	  4	  4	  4	  4	  4	  3	  2	  4	  3	  2	  4	  4	  4	  3	  2	  4	  2	  1	  4	  3	  2	  3	  1	  4	  2	  1	  4	  4	  3	  3	  4	  4	  2	  2	  4	  4	  4	  3	  4	  4	  3	  4	  3	  4	  4	  4	  4	  4	  4	  4	  3	  4	  5	  3	  4	 27	 39	 28	M
   3	  2	  2	  2	  1	  2	  4	  2	  4	  2	  3	  4	  4	  4	  2	  1	  4	  3	  2	  4	  4	  3	  2	  1	  4	  2	  4	  4	  4	  2	  2	  2	  4	  2	  2	  4	  4	  3	  3	  5	  4	  3	  2	  4	  3	  3	  3	  4	  4	  3	  4	  2	  3	  4	  3	  4	 29	 34	 30	M
   4	  1	  2	  1	  1	  1	  5	  4	  5	  5	  1	  3	  4	  3	  4	  2	  5	  3	  2	  5	  4	  3	  2	  3	  5	  4	  3	  4	  2	  3	  2	  5	  4	  4	  3	  3	  4	  4	  2	  5	  3	  4	  5	  3	  5	  3	  2	  4	  4	  2	  3	  1	  3	  2	  2	  4	 31	 27	 24	F
   3	  2	  2	  1	  1	  1	  4	  4	  5	  3	  2	  3	  4	  2	  2	  1	  5	  4	  2	  4	  2	  2	  5	  1	  4	  1	  4	  5	  3	  1	  1	  4	  2	  2	  2	  3	  4	  4	  5	  5	  5	  3	  5	  2	  3	  4	  3	  2	  4	  2	  3	  1	  3	  1	  1	  3	 37	 23	  9	F
   2	  2	  1	  1	  1	  1	  2	  2	  5	  2	  2	  4	  4	  4	  4	  1	  4	  1	  5	  4	  2	  4	  2	  1	  4	  1	  2	  2	  4	  2	  1	  5	  3	  1	  2	  4	  4	  4	  1	  4	  2	  5	  4	  2	  4	  2	  2	  5	  5	  5	  5	  2	  4	  2	  2	  5	 26	 37	 26	F
   3	  1	  2	  1	  1	  1	  3	  4	  5	  3	  3	  5	  5	  2	  4	  2	  5	  3	  3	  5	  2	  5	  4	  2	  5	  3	  1	  3	  5	  5	  3	  3	  5	  3	  3	  3	  5	  5	  3	  5	  5	  3	  5	  2	  3	  4	  4	  5	  5	  5	  5	  2	  4	  5	  4	  5	 26	 44	 32	F
   2	  2	  1	  1	  1	  1	  5	  4	  5	  4	  4	  4	  4	  1	  4	  4	  4	  4	  3	  4	  2	  4	  3	  1	  4	  4	  2	  4	  4	  4	  5	  4	  4	  3	  1	  4	  4	  4	  4	  5	  5	  4	  4	  4	  5	  4	  4	  5	  5	  4	  5	  2	  4	  3	  4	  5	 30	 41	 32	M
   4	  2	  3	  1	  2	  2	  4	  4	  5	  3	  1	  3	  3	  2	  1	  1	  4	  3	  1	  4	  4	  2	  2	  1	  4	  1	  1	  4	  3	  2	  1	  5	  3	  2	  3	  5	  4	  3	  3	  4	  3	  3	  3	  3	  4	  2	  1	  4	  3	  3	  3	  1	  3	  2	  1	  3	 37	 24	  0	F
   3	  1	  2	  1	  1	  1	  4	  1	  5	  4	  2	  4	  4	  2	  4	  2	  3	  2	  2	  4	  3	  1	  2	  1	  3	  5	  3	  3	  3	  2	  4	  2	  4	  4	  2	  4	  5	  4	  4	  5	  4	  3	  4	  3	  3	  4	  4	  4	  3	  5	  4	  4	  2	  1	  5	  5	 33	 37	 33	F
   2	  2	  3	  2	  1	  3	  3	  4	  4	  3	  4	  4	  3	  1	  3	  3	  3	  2	  4	  4	  3	  4	  4	  3	  4	  2	  4	  3	  2	  3	  4	  5	  2	  2	  3	  3	  4	  4	  4	  4	  3	  4	  5	  1	  2	  5	  1	  3	  3	  4	  3	  1	  3	  2	  2	  3	 33	 25	 29	F
   2	  4	  2	  2	  1	  2	  4	  4	  4	  3	  3	  5	  4	  2	  4	  4	  5	  2	  4	  4	  2	  5	  5	  3	  4	  2	  2	  3	  4	  5	  2	  5	  2	  2	  3	  2	  4	  5	  5	  4	  5	  3	  5	  4	  4	  4	  4	  3	  4	  2	  4	  2	  4	  2	  2	  3	 28	 30	 30	M
   1	  1	  1	  1	  1	  1	  2	  4	  5	  2	  4	  5	  5	  1	  4	  1	  5	  1	  1	  5	  5	  1	  1	  4	  4	  1	  5	  5	  5	  1	  1	  1	  5	  1	  2	  5	  5	  5	  5	  5	  5	  5	  5	  5	  5	  5	  1	  5	  5	  4	  5	  1	  4	  3	  1	  5	 26	 34	 19	M
   4	  1	  1	  1	  1	  1	  5	  2	  5	  2	  2	  4	  4	  2	  4	  1	  3	  4	  2	  5	  2	  1	  4	  1	  4	  1	  2	  4	  3	  2	  4	  4	  2	  2	  2	  3	  4	  4	  4	  5	  4	  4	  4	  2	  5	  4	  3	  4	  4	  4	  4	  1	  4	  4	  2	  2	 27	 32	 23	F
   3	  2	  2	  1	  2	  3	  4	  1	  3	  4	  2	  3	  4	  2	  2	  3	  3	  4	  3	  4	  2	  2	  3	  1	  3	  3	  2	  3	  3	  3	  4	  5	  2	  4	  2	  3	  2	  3	  3	  4	  3	  3	  4	  2	  3	  2	  2	  3	  2	  1	  2	  1	  2	  2	  1	  4	 25	 20	 19	F
   4	  3	  1	  1	  1	  1	  4	  2	  4	  4	  2	  4	  3	  3	  3	  1	  4	  3	  3	  4	  4	  3	  3	  1	  4	  3	  3	  3	  3	  3	  2	  4	  3	  2	  2	  4	  4	  4	  3	  5	  4	  2	  4	  4	  4	  4	  2	  4	  4	  1	  2	  1	  2	  2	  1	  5	 31	 24	 12	F
   2	  5	  4	  5	  5	  4	  4	  1	  5	  4	  2	  4	  5	  2	  3	  1	  5	  3	  1	  4	  4	  1	  3	  1	  4	  3	  1	  4	  5	  1	  4	  3	  4	  2	  2	  5	  5	  3	  3	  5	  3	  2	  3	  4	  5	  3	  3	  4	  5	  4	  5	  3	  4	  5	  4	  5	 20	 42	 10	M
   4	  4	  5	  5	  5	  5	  5	  1	  4	  4	  1	  5	  3	  3	  1	  5	  5	  1	  5	  5	  3	  1	  1	  1	  4	  1	  1	  5	  2	  1	  1	  5	  3	  1	  5	  5	  5	  5	  4	  4	  2	  2	  2	  2	  1	  5	  1	  4	  4	  1	  1	  1	  1	  1	  1	  1	 39	 16	 11	F
   4	  1	  2	  1	  1	  1	  5	  2	  4	  5	  2	  4	  4	  2	  4	  1	  4	  4	  2	  4	  4	  1	  4	  1	  4	  4	  2	  4	  4	  2	  4	  4	  4	  5	  1	  3	  3	  2	  2	  4	  4	  4	  3	  4	  4	  3	  3	  4	  4	  2	  4	  2	  4	  2	  2	  4	 38	 31	 20	M
   3	  3	  1	  1	  2	  3	  4	  5	  4	  5	  2	  3	  5	  1	  4	  2	  2	  5	  4	  4	  2	  1	  2	  1	  3	  3	  2	  3	  2	  2	  2	  5	  3	  4	  2	  4	  4	  2	  1	  4	  3	  3	  4	  4	  3	  2	  4	  5	  5	  5	  4	  1	  3	  4	  2	  5	 24	 38	 26	M
   2	  3	  3	  4	  1	  4	  4	  4	  4	  2	  2	  1	  2	  2	  2	  2	  2	  2	  4	  4	  1	  4	  2	  4	  2	  3	  1	  1	  2	  4	  4	  5	  3	  1	  2	  4	  2	  5	  4	  5	  2	  2	  3	  2	  3	  4	  4	  4	  5	  4	  4	  2	  3	  5	  4	  3	 26	 38	 31	M
   4	  1	  2	  1	  1	  2	  2	  3	  4	  1	  4	  4	  5	  4	  1	  4	  2	  2	  2	  4	  5	  4	  1	  4	  2	  1	  1	  2	  2	  4	  1	  5	  2	  1	  2	  4	  4	  4	  2	  5	  4	  5	  4	  2	  4	  3	  3	  5	  4	  2	  4	  2	  3	  3	  2	  5	 25	 33	 20	M
   4	  2	  2	  1	  2	  1	  4	  4	  5	  5	  3	  4	  4	  2	  4	  3	  4	  3	  4	  4	  5	  2	  3	  4	  5	  5	  3	  3	  2	  2	  5	  5	  5	  3	  5	  3	  5	  4	  1	  4	  3	  3	  4	  4	  4	  5	  2	  4	  2	  1	  1	  1	  1	  1	  1	  3	 30	 17	 23	F
   3	  2	  1	  1	  1	  2	  4	  2	  4	  4	  4	  4	  3	  4	  2	  2	  2	  2	  2	  4	  2	  4	  4	  2	  2	  2	  2	  2	  2	  4	  4	  4	  2	  2	  4	  4	  4	  4	  4	  5	  3	  4	  4	  3	  4	  4	  2	  4	  4	  1	  2	  1	  3	  2	  1	  5	 25	 25	 12	F
   4	  5	  5	  4	  5	  5	  3	  5	  3	  2	  2	  4	  4	  4	  2	  2	  3	  2	  4	  4	  3	  4	  2	  3	  3	  5	  1	  3	  3	  5	  3	  4	  3	  1	  4	  4	  3	  4	  4	  5	  2	  4	  4	  3	  4	  4	  3	  4	  4	  3	  4	  2	  3	  3	  2	  4	 30	 32	 24	M
   2	  1	  2	  1	  1	  1	  5	  1	  5	  5	  4	  4	  5	  2	  5	  1	  5	  5	  4	  4	  2	  1	  5	  2	  5	  4	  2	  4	  2	  2	  5	  5	  4	  5	  3	  1	  5	  5	  4	  5	  5	  2	  5	  2	  4	  5	  2	  5	  5	  2	  5	  1	  4	  4	  2	  5	 48	 35	 17	F
   3	  1	  2	  1	  1	  2	  5	  4	  4	  5	  2	  3	  4	  1	  5	  2	  4	  5	  3	  4	  3	  1	  5	  1	  4	  5	  3	  4	  3	  2	  5	  4	  3	  5	  3	  4	  4	  3	  2	  5	  5	  3	  4	  3	  4	  3	  4	  5	  5	  2	  4	  1	  4	  2	  1	  4	 24	 32	 29	F
   4	  1	  1	  1	  1	  1	  5	  5	  5	  5	  4	  5	  5	  3	  4	  1	  4	  5	  4	  5	  4	  4	  4	  2	  4	  5	  4	  5	  4	  4	  3	  4	  5	  4	  4	  5	  5	  4	  3	  5	  4	  4	  3	  4	  4	  3	  4	  5	  5	  4	  5	  2	  5	  3	  4	  5	 40	 42	 23	F
   2	  1	  1	  1	  1	  1	  5	  2	  5	  2	  2	  5	  5	  1	  2	  1	  4	  4	  4	  4	  2	  1	  2	  1	  1	  5	  3	  5	  2	  2	  4	  4	  2	  2	  2	  5	  5	  2	  3	  5	  5	  4	  4	  4	  5	  4	  4	  5	  4	  4	  4	  1	  2	  1	  1	  5	 25	 31	 28	M
   2	  1	  2	  1	  1	  1	  4	  3	  4	  4	  4	  5	  2	  1	  5	  4	  4	  4	  4	  3	  3	  3	  4	  4	  4	  3	  4	  3	  4	  4	  5	  5	  3	  3	  4	  3	  3	  5	  5	  4	  4	  4	  5	  3	  3	  5	  4	  5	  5	  4	  5	  2	  4	  2	  3	  5	 23	 39	 31	F
   5	  1	  2	  1	  1	  1	  5	  2	  4	  5	  3	  5	  4	  3	  2	  2	  4	  1	  3	  4	  4	  3	  3	  1	  3	  1	  2	  5	  4	  4	  4	  5	  4	  4	  3	  5	  4	  4	  3	  5	  5	  3	  2	  3	  3	  4	  1	  2	  1	  1	  1	  1	  1	  5	  5	  1	 25	 19	 23	F
   4	  2	  3	  2	  1	  1	  2	  1	  3	  2	  2	  2	  1	  4	  2	  2	  4	  2	  2	  4	  2	  2	  4	  1	  1	  2	  4	  2	  4	  5	  4	  5	  4	  2	  2	  3	  5	  5	  5	  3	  4	  5	  5	  2	  2	  5	  1	  2	  2	  4	  2	  1	  1	  2	  1	  5	 23	 21	 25	F
   2	  1	  1	  1	  1	  1	  3	  5	  5	  5	  2	  3	  4	  3	  2	  1	  4	  2	  1	  4	  5	  2	  3	  1	  5	  5	  4	  5	  2	  1	  4	  2	  3	  1	  3	  5	  5	  4	  3	  4	  3	  5	  5	  5	  5	  3	  1	  5	  4	  3	  2	  1	  2	  1	  1	  5	 27	 25	 18	M
   4	  1	  2	  2	  3	  2	  4	  4	  4	  2	  2	  4	  3	  2	  4	  1	  3	  2	  4	  4	  4	  2	  4	  3	  4	  4	  1	  3	  3	  4	  4	  5	  3	  2	  3	  4	  4	  5	  1	  5	  4	  2	  3	  3	  3	  3	  2	  4	  4	  4	  4	  1	  3	  3	  3	  4	 25	 32	 19	M
   4	  1	  1	  1	  1	  2	  4	  2	  3	  2	  4	  2	  4	  4	  2	  1	  3	  2	  4	  4	  4	  5	  4	  1	  3	  1	  4	  1	  2	  4	  1	  5	  3	  1	  3	  3	  2	  4	  1	  4	  4	  2	  4	  1	  3	  4	  3	  2	  2	  5	  2	  3	  2	  5	  4	  4	 23	 32	 22	M
   3	  2	  2	  1	  1	  1	  4	  4	  5	  2	  2	  4	  4	  2	  4	  1	  4	  1	  2	  4	  4	  2	  4	  2	  5	  2	  3	  4	  2	  4	  4	  5	  3	  1	  3	  4	  5	  5	  4	  5	  4	  5	  5	  3	  5	  4	  1	  4	  3	  4	  4	  1	  1	  1	  2	  5	 23	 26	 25	F
   3	  2	  1	  1	  2	  2	  3	  4	  4	  2	  2	  3	  4	  4	  1	  3	  4	  3	  2	  4	  3	  4	  4	  2	  2	  1	  3	  2	  2	  4	  3	  5	  3	  2	  2	  2	  2	  4	  2	  4	  4	  4	  3	  3	  4	  4	  2	  3	  2	  3	  3	  1	  3	  2	  2	  2	 23	 23	 21	F
   4	  1	  2	  1	  1	  1	  4	  4	  4	  4	  2	  2	  5	  2	  4	  2	  2	  2	  4	  5	  1	  2	  4	  5	  4	  1	  2	  5	  2	  2	  4	  5	  2	  2	  4	  2	  2	  5	  4	  5	  4	  1	  5	  4	  4	  4	  4	  5	  5	  4	  5	  1	  4	  3	  2	  5	 45	 38	  9	F
   3	  1	  4	  2	  1	  1	  5	  1	  5	  5	  2	  4	  4	  1	  3	  1	  5	  4	  3	  5	  4	  4	  3	  1	  4	  4	  2	  4	  3	  4	  5	  4	  3	  3	  1	  3	  5	  4	  1	  5	  5	  3	  4	  3	  4	  3	  4	  4	  2	  3	  2	  1	  2	  2	  4	  4	 22	 28	 28	F
   2	  1	  2	  1	  1	  1	  5	  2	  4	  2	  4	  3	  5	  2	  4	  1	  3	  5	  3	  4	  2	  5	  3	  1	  4	  4	  2	  1	  2	  5	  4	  5	  2	  5	  4	  1	  4	  5	  5	  5	  4	  5	  5	  2	  3	  5	  2	  2	  2	  5	  3	  2	  2	  5	  5	  5	 23	 33	 25	F
   4	  2	  3	  3	  1	  3	  2	  2	  4	  1	  1	  4	  3	  4	  2	  1	  3	  4	  3	  4	  4	  3	  2	  1	  2	  1	  1	  4	  2	  3	  5	  4	  3	  1	  3	  5	  4	  4	  3	  5	  3	  4	  4	  4	  5	  2	  4	  5	  5	  5	  5	  4	  5	  5	  5	  5	 21	 48	 29	M
   3	  1	  1	  1	  1	  1	  4	  2	  5	  3	  1	  5	  5	  1	  3	  1	  3	  3	  2	  4	  4	  2	  3	  1	  3	  3	  1	  5	  3	  2	  4	  3	  5	  3	  1	  5	  5	  4	  1	  4	  3	  3	  4	  2	  3	  2	  4	  3	  4	  5	  4	  3	  4	  4	  5	  4	 21	 40	 33	M
   3	  3	  2	  2	  1	  1	  4	  2	  5	  3	  2	  4	  4	  3	  4	  1	  4	  4	  1	  5	  4	  3	  3	  2	  4	  4	  2	  5	  4	  3	  4	  2	  3	  3	  2	  4	  5	  4	  3	  5	  4	  4	  4	  4	  4	  4	  4	  4	  4	  4	  4	  4	  4	  4	  4	  4	 21	 40	 33	F
   3	  1	  1	  1	  1	  1	  4	  1	  5	  2	  2	  2	  4	  4	  5	  1	  4	  4	  1	  5	  2	  2	  4	  1	  2	  3	  2	  3	  4	  2	  5	  4	  3	  2	  1	  5	  2	  4	  2	  4	  4	  2	  4	  2	  5	  2	  5	  5	  5	  4	  5	  4	  5	  5	  4	  5	 21	 47	 25	F
   2	  1	  1	  1	  1	  2	  4	  4	  5	  2	  2	  2	  2	  2	  2	  2	  4	  2	  2	  2	  2	  4	  4	  2	  4	  1	  1	  4	  2	  4	  4	  5	  4	  1	  2	  2	  4	  4	  2	  5	  5	  4	  5	  2	  5	  5	  2	  3	  2	  4	  2	  1	  2	  2	  2	  3	 26	 23	 18	F
   1	  2	  1	  1	  1	  1	  4	  2	  5	  2	  4	  5	  5	  2	  2	  1	  5	  1	  4	  4	  4	  3	  2	  1	  4	  2	  2	  4	  5	  2	  1	  4	  4	  1	  4	  5	  5	  5	  2	  5	  3	  2	  5	  5	  5	  2	  2	  5	  5	  2	  4	  1	  4	  2	  1	  5	 25	 31	 22	F
   4	  2	  2	  1	  2	  1	  2	  2	  4	  1	  2	  3	  4	  2	  1	  1	  2	  2	  2	  4	  4	  2	  2	  2	  4	  2	  4	  4	  1	  2	  4	  4	  2	  2	  2	  5	  4	  4	  2	  4	  4	  2	  4	  4	  4	  4	  2	  4	  4	  2	  2	  1	  2	  4	  2	  4	 26	 27	 17	F
   4	  1	  2	  2	  2	  2	  3	  1	  4	  2	  2	  2	  4	  4	  3	  2	  4	  1	  2	  3	  3	  2	  2	  1	  4	  1	  1	  4	  3	  2	  2	  5	  3	  1	  1	  3	  4	  4	  3	  4	  3	  3	  4	  3	  5	  4	  3	  4	  4	  5	  4	  5	  3	  5	  4	  4	 21	 41	 25	M
   5	  5	  5	  5	  5	  5	  5	  1	  4	  4	  2	  4	  4	  2	  2	  2	  4	  2	  2	  4	  4	  4	  4	  2	  4	  1	  1	  4	  2	  4	  2	  5	  2	  1	  1	  2	  4	  2	  4	  5	  5	  5	  5	  4	  4	  5	  2	  5	  5	  2	  5	  1	  5	  2	  2	  5	 22	 34	  0	F
   3	  2	  2	  1	  1	  1	  4	  2	  5	  4	  4	  4	  2	  2	  4	  1	  4	  5	  4	  4	  3	  2	  4	  1	  4	  3	  4	  3	  2	  4	  4	  3	  2	  4	  3	  4	  4	  4	  1	  5	  4	  1	  4	  4	  4	  4	  2	  4	  5	  3	  5	  1	  4	  3	  3	  4	 23	 34	 28	F
   3	  2	  1	  1	  1	  2	  4	  1	  4	  2	  2	  4	  4	  2	  3	  1	  3	  4	  2	  4	  3	  2	  2	  1	  5	  2	  3	  3	  2	  2	  4	  4	  4	  2	  3	  3	  4	  4	  3	  5	  4	  3	  5	  2	  4	  2	  3	  4	  2	  1	  3	  1	  2	  3	  2	  4	 22	 25	 22	F
   1	  2	  2	  1	  1	  1	  1	  1	  1	  4	  2	  1	  2	  2	  5	  3	  2	  5	  1	  2	  2	  3	  3	  1	  1	  4	  4	  2	  2	  2	  5	  1	  1	  4	  1	  2	  1	  1	  1	  1	  3	  2	  2	  4	  3	  1	  2	  1	  1	  1	  1	  5	  2	  5	  2	  1	 22	 21	 26	F
   2	  1	  1	  1	  1	  1	  2	  4	  5	  2	  2	  3	  4	  4	  2	  2	  4	  4	  3	  4	  2	  3	  4	  1	  3	  1	  2	  3	  2	  4	  4	  4	  2	  1	  2	  4	  4	  4	  3	  1	  2	  3	  1	  3	  1	  3	  1	  1	  3	  1	  2	  1	  1	  1	  1	  2	 22	 14	 11	F
   1	  2	  3	  2	  1	  1	  4	  4	  5	  2	  2	  4	  5	  2	  2	  3	  5	  2	  2	  5	  4	  2	  3	  3	  5	  2	  4	  4	  4	  2	  5	  5	  3	  2	  3	  4	  4	  3	  2	  4	  5	  2	  2	  1	  5	  4	  2	  4	  3	  2	  1	  1	  2	  1	  1	  2	 23	 19	 29	F
   2	  1	  2	  1	  1	  2	  5	  1	  4	  4	  4	  4	  5	  2	  4	  2	  4	  5	  1	  5	  4	  2	  4	  1	  4	  4	  2	  4	  5	  2	  5	  2	  4	  5	  2	  5	  5	  4	  2	  5	  4	  2	  4	  4	  5	  4	  4	  4	  4	  1	  4	  3	  3	  5	  4	  5	 22	 37	 22	M
   2	  5	  5	  5	  5	  5	  4	  2	  5	  3	  2	  3	  5	  1	  4	  2	  5	  4	  3	  5	  5	  2	  5	  2	  4	  4	  3	  4	  4	  2	  2	  5	  5	  2	  3	  5	  5	  5	  3	  5	  4	  5	  5	  3	  4	  4	  4	  5	  5	  2	  5	  2	  4	  5	  4	  5	 25	 41	  0	M
   3	  1	  1	  1	  1	  1	  4	  1	  5	  4	  3	  5	  5	  1	  4	  1	  5	  3	  1	  5	  5	  2	  3	  1	  5	  4	  4	  5	  4	  4	  4	  4	  4	  1	  1	  5	  5	  5	  1	  5	  3	  1	  4	  3	  5	  3	  1	  4	  3	  5	  3	  4	  2	  4	  2	  4	 23	 32	 21	M
   4	  1	  2	  1	  1	  1	  4	  2	  4	  2	  1	  3	  2	  4	  2	  1	  5	  3	  3	  2	  3	  2	  3	  2	  3	  4	  2	  3	  4	  2	  1	  4	  3	  2	  3	  1	  4	  3	  2	  5	  5	  3	  4	  2	  4	  3	  4	  3	  4	  2	  3	  2	  3	  2	  2	  3	 24	 28	 28	M
   5	  2	  3	  1	  1	  1	  2	  5	  4	  4	  3	  2	  2	  1	  5	  3	  4	  5	  2	  3	  3	  1	  4	  4	  4	  5	  2	  2	  2	  1	  5	  5	  4	  3	  2	  2	  4	  4	  1	  5	  4	  4	  4	  3	  3	  3	  4	  4	  5	  5	  3	  4	  4	  4	  3	  5	 22	 41	 33	F
   2	  1	  1	  1	  1	  1	  4	  4	  4	  3	  4	  5	  4	  2	  2	  1	  4	  4	  3	  5	  4	  4	  4	  2	  4	  1	  3	  4	  3	  4	  1	  5	  4	  2	  2	  3	  5	  5	  5	  5	  3	  3	  5	  2	  4	  5	  2	  5	  4	  1	  4	  1	  1	  1	  1	  5	 23	 25	 16	F
   5	  2	  1	  1	  1	  1	  4	  1	  5	  2	  1	  3	  5	  1	  2	  1	  5	  2	  1	  5	  2	  3	  2	  1	  2	  4	  1	  4	  5	  3	  1	  5	  4	  1	  1	  5	  4	  2	  1	  5	  4	  3	  3	  4	  5	  4	  3	  4	  3	  3	  1	  1	  3	  5	  2	  3	 22	 28	 31	M
   2	  5	  4	  4	  5	  4	  4	  1	  4	  4	  2	  4	  4	  2	  2	  2	  4	  4	  4	  3	  4	  4	  3	  1	  4	  2	  1	  3	  3	  2	  1	  5	  4	  2	  2	  4	  4	  5	  4	  4	  2	  5	  5	  3	  5	  4	  3	  4	  3	  4	  3	  4	  3	  5	  4	  5	 20	 38	 22	M
   3	  3	  3	  2	  1	  3	  4	  5	  4	  2	  3	  3	  3	  2	  4	  4	  4	  3	  3	  3	  2	  2	  2	  4	  4	  4	  2	  2	  2	  5	  4	  4	  4	  1	  2	  3	  3	  4	  3	  4	  4	  4	  4	  2	  3	  5	  3	  4	  3	  4	  3	  2	  2	  3	  4	  3	 22	 31	 31	M
   4	  1	  1	  1	  1	  1	  3	  3	  5	  1	  3	  5	  5	  4	  2	  3	  5	  1	  3	  5	  4	  1	  3	  1	  5	  1	  2	  5	  5	  2	  1	  3	  3	  1	  4	  5	  5	  5	  4	  5	  4	  1	  2	  5	  5	  4	  3	  3	  5	  4	  5	  1	  3	  3	  3	  5	 21	 35	 23	M
   5	  1	  2	  2	  1	  1	  3	  2	  5	  3	  2	  4	  5	  4	  2	  1	  5	  2	  2	  4	  5	  3	  2	  4	  4	  1	  2	  4	  3	  2	  1	  4	  4	  1	  2	  4	  4	  2	  1	  5	  4	  4	  2	  5	  5	  3	  3	  4	  5	  3	  4	  3	  4	  2	  3	  5	 22	 36	 26	F
   3	  1	  1	  2	  1	  1	  5	  2	  5	  3	  3	  5	  5	  2	  4	  1	  4	  3	  3	  4	  3	  2	  3	  1	  5	  3	  3	  3	  3	  2	  3	  4	  3	  3	  2	  5	  5	  4	  4	  5	  3	  3	  4	  2	  5	  3	  2	  3	  3	  3	  2	  2	  2	  4	  3	  2	 23	 26	 12	F
   3	  1	  3	  1	  1	  1	  5	  3	  5	  5	  2	  3	  5	  3	  5	  3	  4	  3	  1	  5	  3	  3	  5	  1	  5	  2	  2	  5	  4	  2	  2	  3	  4	  3	  2	  5	  5	  4	  2	  5	  4	  3	  3	  3	  5	  5	  3	  5	  5	  5	  5	  3	  4	  4	  5	  5	 21	 44	 26	M
   4	  2	  2	  1	  1	  2	  2	  4	  4	  2	  2	  5	  4	  1	  2	  2	  4	  2	  2	  2	  4	  1	  2	  4	  4	  2	  1	  4	  4	  4	  4	  5	  4	  1	  1	  2	  5	  4	  2	  5	  2	  2	  1	  4	  4	  4	  4	  4	  5	  5	  5	  4	  5	  4	  5	  4	 22	 45	 31	M
   3	  2	  2	  1	  1	  1	  4	  2	  5	  2	  3	  2	  4	  2	  3	  4	  4	  2	  2	  4	  3	  2	  4	  4	  4	  1	  2	  2	  2	  4	  1	  5	  4	  2	  1	  2	  4	  5	  4	  4	  4	  5	  4	  3	  3	  2	  2	  4	  2	  4	  2	  3	  2	  5	  4	  4	 29	 32	 19	M
   2	  1	  2	  1	  1	  1	  3	  2	  4	  2	  3	  3	  3	  2	  2	  2	  3	  1	  1	  4	  4	  3	  3	  1	  4	  1	  1	  3	  3	  3	  1	  5	  3	  1	  1	  3	  4	  4	  4	  5	  3	  5	  4	  3	  5	  5	  1	  4	  3	  1	  3	  1	  1	  1	  1	  4	 26	 20	  0	F
   3	  2	  2	  1	  1	  2	  3	  2	  4	  3	  3	  2	  3	  2	  4	  1	  4	  2	  2	  4	  2	  1	  4	  2	  4	  2	  2	  2	  2	  2	  1	  1	  4	  3	  2	  4	  3	  4	  2	  5	  3	  4	  5	  3	  4	  4	  4	  4	  5	  5	  5	  2	  4	  2	  3	  5	 29	 39	 30	F
   2	  2	  1	  1	  1	  1	  5	  1	  4	  2	  4	  2	  4	  2	  4	  4	  4	  2	  4	  4	  2	  2	  3	  1	  4	  4	  5	  2	  4	  4	  4	  5	  2	  1	  4	  4	  2	  5	  5	  2	  4	  4	  5	  2	  2	  5	  2	  4	  4	  2	  4	  1	  2	  1	  1	  4	 21	 25	 12	F
   5	  3	  5	  5	  5	  5	  4	  2	  5	  4	  5	  4	  4	  2	  3	  2	  4	  5	  2	  4	  4	  3	  2	  1	  3	  4	  3	  3	  4	  3	  4	  5	  2	  2	  2	  4	  5	  4	  4	  4	  3	  3	  4	  2	  4	  3	  3	  4	  4	  2	  4	  2	  3	  5	  2	  4	 28	 33	 17	M
   2	  1	  2	  3	  2	  1	  2	  4	  5	  4	  4	  3	  5	  2	  1	  5	  5	  1	  2	  4	  5	  2	  2	  2	  4	  1	  4	  4	  5	  4	  1	  5	  4	  1	  3	  2	  4	  4	  3	  5	  4	  4	  2	  3	  4	  3	  2	  5	  5	  3	  4	  1	  5	  2	  3	  5	 23	 35	  0	M
   2	  4	  3	  5	  5	  5	  4	  1	  5	  3	  2	  5	  4	  2	  5	  2	  5	  2	  1	  5	  4	  2	  3	  1	  4	  1	  3	  3	  3	  3	  1	  5	  4	  2	  1	  4	  5	  4	  2	  5	  4	  4	  5	  4	  4	  5	  2	  4	  5	  3	  4	  1	  3	  5	  1	  5	 21	 33	 18	F
   3	  2	  2	  1	  1	  1	  4	  2	  5	  4	  4	  4	  4	  2	  2	  2	  4	  4	  3	  5	  4	  4	  4	  1	  4	  2	  2	  3	  2	  2	  4	  4	  3	  3	  2	  4	  4	  5	  3	  5	  4	  4	  5	  2	  4	  5	  2	  4	  4	  3	  2	  1	  4	  2	  4	  4	 30	 30	 19	F
   2	  2	  1	  1	  1	  1	  4	  4	  5	  2	  3	  2	  4	  3	  1	  4	  5	  2	  4	  4	  2	  4	  3	  2	  5	  1	  5	  4	  2	  4	  4	  5	  4	  1	  4	  2	  5	  5	  3	  5	  5	  4	  5	  4	  5	  3	  1	  5	  4	  4	  4	  1	  3	  1	  2	  4	 21	 29	 21	F
   3	  1	  2	  1	  1	  1	  4	  3	  5	  3	  3	  4	  4	  2	  2	  1	  4	  3	  2	  4	  4	  2	  3	  2	  2	  4	  3	  2	  4	  2	  3	  4	  4	  2	  2	  5	  4	  2	  2	  4	  4	  3	  4	  4	  4	  3	  3	  3	  4	  4	  3	  1	  4	  3	  4	  4	 23	 33	 24	M
   3	  5	  5	  5	  5	  5	  4	  1	  4	  3	  4	  2	  4	  1	  4	  2	  4	  4	  1	  4	  4	  3	  4	  1	  4	  4	  4	  3	  4	  4	  5	  4	  4	  4	  3	  4	  5	  5	  4	  4	  3	  4	  4	  2	  4	  4	  3	  4	  4	  4	  4	  1	  3	  2	  4	  4	 21	 33	 28	F
   3	  4	  4	  4	  5	  4	  4	  3	  4	  2	  4	  4	  5	  1	  4	  2	  4	  4	  4	  5	  2	  2	  4	  1	  2	  4	  3	  4	  4	  2	  4	  4	  4	  2	  2	  4	  4	  5	  4	  4	  4	  2	  4	  2	  2	  4	  3	  4	  3	  4	  4	  2	  3	  4	  3	  5	 21	 35	 17	F
   3	  1	  1	  1	  1	  1	  2	  2	  4	  2	  3	  4	  3	  3	  2	  2	  3	  4	  4	  3	  3	  2	  3	  3	  3	  2	  2	  3	  4	  2	  4	  4	  4	  2	  3	  5	  5	  5	  2	  4	  3	  3	  4	  3	  3	  4	  3	  5	  5	  3	  4	  2	  4	  3	  2	  5	 20	 36	 18	F
   3	  2	  2	  1	  1	  1	  4	  4	  5	  4	  3	  3	  4	  2	  4	  1	  5	  2	  3	  4	  4	  2	  4	  1	  5	  2	  1	  2	  4	  5	  2	  4	  5	  1	  2	  4	  5	  4	  1	  5	  4	  4	  5	  1	  5	  3	  2	  5	  5	  4	  5	  4	  4	  5	  4	  4	 21	 42	  0	M
   1	  1	  2	  1	  1	  1	  4	  2	  5	  2	  2	  4	  4	  2	  2	  1	  4	  2	  2	  4	  4	  1	  2	  1	  4	  2	  2	  5	  4	  2	  4	  4	  4	  2	  2	  5	  5	  4	  2	  4	  4	  3	  5	  2	  5	  4	  2	  4	  4	  5	  4	  2	  3	  5	  4	  4	 22	 37	 17	M
   2	  5	  5	  5	  5	  5	  4	  4	  4	  3	  4	  5	  5	  4	  3	  2	  5	  4	  3	  5	  4	  4	  5	  1	  4	  2	  4	  4	  2	  3	  3	  4	  5	  2	  5	  5	  5	  5	  5	  5	  5	  5	  5	  4	  5	  5	  3	  5	  4	  1	  4	  1	  3	  1	  2	  4	 35	 28	  0	F
   4	  4	  4	  5	  3	  4	  4	  4	  4	  4	  4	  4	  4	  4	  3	  3	  3	  3	  3	  3	  3	  3	  3	  3	  4	  4	  4	  4	  2	  4	  5	  3	  4	  4	  5	  5	  5	  4	  3	  4	  3	  4	  4	  3	  4	  4	  5	  5	  5	  5	  5	  1	  5	  1	  5	  5	 21	 42	 23	M
   4	  3	  2	  2	  1	  2	  4	  4	  3	  2	  4	  1	  2	  4	  2	  3	  4	  1	  3	  4	  2	  3	  2	  4	  2	  1	  2	  3	  2	  4	  3	  4	  2	  1	  2	  4	  3	  4	  3	  5	  3	  4	  4	  4	  4	  3	  1	  3	  2	  4	  1	  1	  2	  4	  2	  2	 22	 22	  0	M
   3	  1	  1	  1	  1	  1	  4	  4	  5	  3	  2	  3	  4	  1	  4	  2	  5	  4	  1	  5	  3	  2	  3	  4	  4	  4	  3	  4	  4	  4	  5	  4	  4	  2	  2	  4	  5	  5	  3	  5	  5	  4	  5	  3	  5	  3	  3	  4	  3	  4	  3	  2	  3	  2	  4	  4	 21	 32	 26	M
   2	  1	  1	  1	  1	  1	  5	  5	  5	  4	  4	  4	  4	  1	  5	  4	  5	  5	  3	  4	  3	  3	  5	  3	  5	  4	  2	  3	  4	  4	  1	  5	  5	  4	  2	  3	  3	  5	  1	  1	  1	  1	  1	  4	  1	  1	  5	  5	  5	  5	  5	  5	  5	  5	  5	  5	 20	 50	 28	F
   3	  1	  2	  1	  1	  1	  4	  1	  5	  4	  2	  5	  5	  1	  5	  1	  4	  4	  1	  4	  4	  2	  4	  1	  4	  5	  1	  3	  4	  2	  5	  2	  4	  4	  1	  2	  4	  4	  2	  5	  4	  4	  4	  3	  4	  2	  4	  5	  5	  5	  5	  4	  4	  5	  5	  5	 22	 47	 31	M
   3	  2	  3	  1	  1	  1	  3	  5	  5	  4	  5	  4	  5	  2	  2	  2	  5	  3	  3	  4	  4	  2	  3	  4	  5	  2	  2	  3	  5	  2	  2	  3	  5	  2	  2	  5	  5	  3	  1	  5	  4	  5	  4	  3	  4	  3	  4	  4	  4	  5	  4	  2	  3	  2	  4	  4	 20	 36	 27	F
   3	  1	  2	  1	  1	  1	  4	  2	  4	  4	  3	  2	  4	  2	  5	  2	  4	  3	  3	  4	  2	  4	  4	  2	  4	  3	  2	  2	  4	  4	  5	  5	  5	  4	  2	  4	  5	  5	  3	  5	  5	  5	  3	  3	  4	  4	  4	  5	  5	  5	  5	  1	  3	  1	  2	  5	 20	 36	 25	F
   4	  3	  4	  3	  4	  3	  4	  5	  4	  3	  2	  3	  4	  2	  3	  1	  3	  1	  5	  5	  2	  2	  2	  3	  4	  3	  1	  4	  2	  2	  4	  5	  3	  2	  4	  5	  5	  3	  4	  4	  3	  4	  4	  2	  3	  5	  2	  5	  4	  3	  2	  2	  3	  2	  3	  3	 24	 29	 23	M
   1	  1	  1	  1	  1	  1	  4	  2	  5	  5	  1	  3	  5	  2	  4	  4	  4	  2	  3	  5	  4	  2	  3	  2	  4	  1	  3	  2	  3	  2	  2	  5	  4	  1	  2	  4	  3	  4	  2	  5	  5	  4	  5	  2	  4	  4	  2	  5	  4	  5	  4	  2	  3	  2	  4	  4	 20	 35	 21	F
   4	  3	  2	  2	  1	  2	  2	  3	  4	  2	  2	  3	  2	  4	  1	  2	  3	  1	  4	  3	  4	  4	  2	  4	  2	  1	  1	  2	  2	  3	  1	  4	  2	  1	  1	  2	  2	  4	  2	  4	  3	  3	  3	  3	  4	  4	  4	  4	  5	  4	  4	  4	  5	  4	  3	  3	 19	 40	 27	F
   3	  2	  2	  1	  1	  1	  4	  3	  4	  2	  4	  3	  4	  3	  2	  2	  4	  2	  2	  3	  2	  2	  3	  2	  4	  2	  2	  4	  3	  4	  1	  3	  4	  2	  2	  3	  4	  4	  3	  5	  4	  3	  3	  4	  4	  3	  2	  4	  4	  5	  3	  2	  3	  3	  4	  5	 21	 35	 28	F
   2	  1	  1	  2	  1	  1	  3	  3	  3	  4	  4	  2	  2	  2	  4	  3	  4	  4	  2	  4	  2	  3	  4	  4	  4	  2	  2	  2	  4	  3	  4	  5	  4	  4	  1	  3	  3	  5	  5	  5	  5	  5	  5	  3	  3	  4	  3	  3	  2	  5	  3	  2	  1	  5	  5	  3	 21	 32	 23	F
   2	  1	  2	  1	  1	  1	  5	  1	  5	  4	  4	  4	  5	  2	  3	  1	  5	  3	  2	  4	  4	  3	  3	  1	  2	  4	  2	  4	  4	  2	  5	  5	  4	  3	  2	  5	  5	  5	  2	  5	  3	  3	  4	  4	  4	  5	  2	  4	  4	  3	  2	  1	  1	  2	  3	  4	 22	 26	 21	F
   4	  2	  2	  1	  2	  2	  4	  1	  5	  4	  4	  2	  2	  2	  4	  2	  5	  4	  1	  2	  2	  2	  4	  1	  4	  2	  2	  1	  4	  2	  5	  5	  5	  5	  1	  2	  4	  5	  2	  5	  4	  5	  5	  2	  4	  4	  2	  4	  1	  4	  1	  1	  1	  1	  1	  4	 25	 20	 25	F
   2	  1	  2	  2	  1	  2	  4	  2	  4	  4	  5	  3	  4	  2	  2	  1	  4	  4	  2	  4	  2	  4	  3	  1	  2	  2	  4	  3	  2	  4	  4	  5	  2	  2	  3	  3	  4	  3	  2	  4	  3	  2	  5	  4	  5	  3	  2	  4	  3	  2	  3	  1	  3	  2	  2	  5	 21	 27	 11	F
   2	  1	  1	  2	  2	  1	  4	  4	  4	  4	  2	  4	  4	  3	  2	  2	  4	  4	  2	  5	  4	  3	  2	  2	  5	  2	  4	  4	  4	  2	  4	  4	  4	  4	  3	  4	  4	  5	  4	  5	  4	  3	  4	  2	  4	  4	  3	  4	  4	  4	  4	  2	  3	  2	  2	  4	 22	 32	 19	F
   1	  2	  2	  2	  2	  2	  2	  4	  3	  2	  5	  2	  1	  2	  4	  4	  3	  1	  4	  2	  2	  4	  4	  4	  4	  1	  4	  2	  2	  4	  2	  5	  2	  1	  3	  2	  2	  5	  5	  3	  4	  5	  5	  2	  2	  5	  3	  4	  5	  3	  5	  1	  4	  1	  2	  5	 25	 33	 24	F
   4	  1	  3	  2	  1	  1	  4	  4	  5	  3	  2	  3	  4	  2	  3	  2	  3	  2	  3	  4	  3	  2	  3	  4	  3	  2	  4	  2	  2	  4	  4	  4	  4	  2	  3	  3	  4	  5	  4	  4	  3	  2	  5	  3	  3	  3	  4	  4	  4	  4	  4	  3	  4	  4	  4	  4	 20	 39	 28	F
   3	  2	  2	  2	  1	  1	  2	  5	  2	  1	  4	  3	  3	  3	  1	  4	  4	  2	  4	  3	  4	  3	  2	  3	  3	  2	  2	  2	  2	  3	  1	  5	  3	  1	  3	  4	  4	  3	  3	  2	  2	  2	  3	  3	  2	  1	  3	  3	  4	  3	  4	  2	  4	  3	  2	  5	 24	 33	 21	M
   2	  2	  1	  1	  1	  1	  3	  4	  3	  3	  4	  3	  3	  4	  4	  3	  3	  2	  3	  3	  2	  4	  3	  2	  3	  1	  3	  2	  2	  4	  2	  4	  3	  2	  3	  3	  3	  4	  4	  4	  3	  4	  5	  2	  3	  4	  3	  3	  4	  4	  4	  2	  3	  2	  2	  3	 20	 30	 24	F
   2	  2	  3	  1	  1	  2	  4	  1	  4	  3	  4	  4	  4	  4	  4	  2	  2	  4	  5	  3	  2	  4	  3	  4	  4	  2	  3	  3	  4	  5	  4	  5	  2	  2	  4	  4	  3	  5	  3	  3	  4	  5	  3	  2	  4	  4	  4	  4	  4	  4	  4	  2	  4	  5	  3	  3	 21	 37	 24	M
   3	  1	  3	  1	  1	  1	  5	  3	  5	  4	  4	  4	  3	  3	  4	  2	  4	  3	  2	  4	  3	  2	  3	  3	  4	  4	  3	  4	  2	  3	  2	  5	  3	  1	  2	  4	  5	  5	  5	  5	  4	  4	  4	  2	  4	  4	  1	  2	  1	  2	  2	  1	  1	  1	  1	  2	 26	 14	  0	F
   4	  1	  1	  1	  1	  1	  4	  3	  5	  3	  2	  5	  5	  4	  2	  2	  5	  4	  2	  5	  4	  2	  3	  1	  4	  2	  2	  5	  4	  4	  1	  2	  5	  1	  1	  5	  5	  5	  4	  5	  5	  3	  4	  4	  5	  4	  3	  4	  4	  3	  4	  1	  3	  1	  3	  4	 28	 30	  0	M
   3	  2	  2	  1	  1	  1	  4	  2	  4	  3	  3	  5	  4	  3	  4	  1	  4	  4	  3	  4	  3	  3	  5	  1	  5	  4	  3	  4	  3	  4	  2	  4	  4	  3	  3	  3	  5	  5	  4	  5	  4	  4	  5	  3	  3	  3	  3	  4	  3	  1	  3	  1	  3	  2	  1	  4	 20	 25	 20	F
   2	  2	  1	  1	  1	  2	  4	  2	  4	  4	  2	  3	  4	  2	  4	  1	  3	  3	  1	  4	  2	  3	  3	  1	  4	  5	  1	  4	  4	  2	  4	  5	  4	  4	  1	  3	  4	  5	  2	  4	  4	  3	  4	  1	  3	  4	  2	  3	  3	  4	  4	  1	  3	  2	  4	  3	 20	 29	 19	F
   4	  1	  1	  1	  1	  1	  4	  1	  4	  3	  2	  4	  5	  1	  4	  1	  4	  5	  2	  5	  3	  1	  3	  1	  4	  4	  2	  5	  3	  1	  4	  2	  4	  4	  2	  4	  4	  4	  3	  5	  4	  4	  5	  5	  5	  4	  3	  5	  4	  3	  4	  3	  3	  5	  4	  5	 31	 39	 30	M
   4	  1	  1	  1	  1	  1	  2	  1	  5	  2	  3	  4	  5	  2	  4	  1	  4	  2	  2	  5	  3	  3	  2	  1	  4	  2	  3	  4	  3	  2	  3	  2	  5	  2	  2	  4	  5	  3	  3	  5	  4	  4	  3	  4	  5	  4	  2	  5	  5	  5	  5	  1	  3	  2	  3	  5	 20	 36	 22	F
   3	  2	  3	  2	  1	  1	  4	  1	  4	  4	  4	  3	  4	  3	  4	  1	  4	  3	  2	  5	  3	  4	  3	  1	  5	  1	  3	  3	  2	  4	  3	  5	  3	  2	  2	  3	  2	  4	  2	  4	  3	  2	  4	  1	  3	  3	  2	  4	  2	  4	  2	  2	  2	  5	  2	  4	 22	 29	 16	F
   5	  1	  2	  1	  1	  2	  4	  2	  4	  4	  4	  2	  3	  2	  4	  3	  2	  2	  4	  4	  2	  4	  4	  2	  4	  3	  4	  4	  2	  4	  4	  4	  2	  2	  4	  4	  4	  4	  2	  4	  3	  4	  4	  2	  3	  4	  2	  2	  2	  1	  2	  2	  2	  2	  2	  4	 22	 21	 16	F
   4	  2	  2	  2	  2	  2	  3	  4	  4	  2	  4	  3	  4	  4	  2	  2	  3	  4	  4	  4	  4	  3	  3	  2	  3	  3	  2	  3	  3	  4	  3	  3	  3	  2	  3	  4	  4	  5	  3	  4	  4	  4	  5	  3	  4	  5	  2	  3	  4	  3	  3	  2	  3	  4	  3	  4	 21	 31	 19	M
   2	  2	  1	  1	  1	  1	  4	  2	  5	  4	  4	  3	  5	  5	  4	  3	  5	  4	  2	  4	  2	  4	  5	  2	  4	  1	  4	  4	  3	  5	  1	  4	  4	  2	  2	  4	  4	  5	  3	  4	  4	  4	  4	  3	  3	  4	  1	  4	  3	  1	  3	  1	  1	  5	  1	  4	 20	 24	  0	F
   3	  1	  1	  1	  1	  1	  5	  2	  4	  4	  2	  3	  2	  2	  4	  2	  4	  4	  4	  4	  4	  2	  5	  1	  2	  5	  2	  4	  4	  2	  5	  5	  4	  4	  2	  4	  5	  5	  1	  4	  4	  2	  4	  2	  4	  2	  4	  4	  5	  4	  5	  2	  3	  5	  4	  4	 22	 40	 30	M
   4	  1	  2	  1	  1	  1	  4	  1	  5	  4	  3	  3	  5	  4	  4	  1	  5	  2	  2	  5	  4	  4	  3	  1	  4	  1	  4	  5	  4	  4	  1	  4	  3	  2	  2	  4	  4	  4	  4	  5	  4	  4	  4	  5	  5	  2	  2	  5	  4	  1	  4	  2	  2	  4	  2	  5	 21	 31	 23	F
   3	  2	  2	  1	  1	  1	  2	  3	  5	  3	  4	  4	  5	  4	  3	  2	  4	  2	  2	  5	  4	  4	  4	  2	  4	  1	  2	  4	  4	  4	  5	  5	  4	  2	  3	  4	  4	  5	  4	  5	  3	  4	  5	  1	  5	  4	  2	  3	  4	  1	  3	  1	  3	  1	  1	  4	 21	 23	 19	F
   2	  2	  2	  1	  1	  1	  3	  3	  5	  3	  3	  3	  4	  4	  4	  2	  4	  3	  2	  5	  4	  5	  5	  1	  4	  2	  2	  3	  3	  3	  4	  5	  5	  2	  2	  3	  3	  4	  3	  4	  4	  5	  5	  2	  4	  3	  2	  3	  2	  5	  2	  3	  2	  3	  3	  3	 21	 28	 18	F
   5	  1	  1	  1	  1	  1	  5	  3	  5	  5	  2	  3	  4	  2	  5	  5	  5	  5	  1	  5	  5	  4	  1	  4	  5	  2	  1	  5	  5	  2	  5	  5	  5	  5	  1	  1	  5	  1	  5	  1	  1	  5	  1	  1	  1	  1	  3	  5	  5	  4	  5	  1	  2	  5	  2	  5	 21	 37	 28	F
   3	  1	  3	  2	  1	  1	  4	  2	  4	  2	  2	  3	  4	  2	  4	  2	  4	  2	  2	  4	  3	  2	  4	  1	  3	  2	  2	  2	  4	  2	  5	  5	  4	  4	  2	  3	  4	  5	  4	  4	  4	  2	  5	  2	  3	  4	  3	  4	  4	  1	  4	  1	  2	  2	  2	  3	 20	 26	 21	F
   2	  1	  1	  1	  1	  1	  4	  2	  5	  2	  5	  4	  5	  2	  2	  4	  4	  4	  2	  5	  1	  4	  3	  1	  5	  4	  5	  2	  2	  4	  1	  5	  2	  2	  5	  4	  4	  4	  4	  5	  2	  4	  4	  4	  4	  3	  2	  4	  4	  1	  4	  1	  2	  1	  1	  4	 21	 24	 19	F
   3	  1	  2	  1	  1	  1	  5	  1	  4	  4	  2	  4	  4	  1	  4	  1	  4	  4	  2	  4	  2	  2	  3	  1	  5	  4	  2	  2	  3	  2	  5	  4	  4	  4	  2	  4	  4	  5	  4	  4	  4	  4	  4	  3	  5	  5	  4	  4	  4	  2	  4	  1	  4	  2	  1	  4	 25	 30	 27	F
   4	  2	  3	  2	  1	  1	  4	  3	  4	  4	  3	  4	  5	  3	  4	  2	  4	  2	  3	  4	  5	  2	  2	  1	  4	  2	  3	  4	  4	  2	  4	  5	  4	  2	  4	  5	  4	  2	  1	  5	  2	  2	  3	  3	  5	  3	  3	  3	  2	  3	  4	  2	  3	  4	  3	  2	 27	 29	  0	F
   1	  1	  1	  1	  2	  1	  4	  4	  3	  5	  4	  4	  3	  4	  4	  3	  4	  4	  5	  4	  4	  3	  4	  4	  4	  5	  4	  3	  4	  4	  3	  4	  5	  4	  4	  3	  4	  4	  5	  4	  4	  4	  4	  2	  2	  5	  4	  4	  3	  4	  3	  2	  3	  3	  3	  3	 20	 32	  0	F
   3	  2	  1	  1	  1	  1	  4	  4	  3	  2	  3	  2	  2	  5	  4	  5	  2	  3	  4	  2	  2	  5	  4	  2	  3	  3	  5	  1	  2	  5	  2	  5	  2	  4	  4	  2	  2	  5	  5	  4	  2	  5	  5	  1	  1	  5	  3	  4	  3	  2	  3	  2	  2	  3	  2	  4	 21	 28	 24	M
   3	  1	  2	  1	  1	  1	  3	  2	  4	  3	  2	  4	  4	  2	  3	  2	  5	  3	  2	  5	  4	  4	  3	  2	  5	  2	  2	  5	  4	  3	  4	  5	  3	  2	  2	  4	  4	  4	  3	  5	  4	  4	  5	  2	  4	  4	  1	  4	  4	  3	  4	  1	  3	  3	  2	  4	 24	 29	 21	F
   4	  1	  2	  1	  1	  1	  3	  3	  4	  2	  4	  3	  4	  2	  3	  2	  5	  4	  2	  4	  2	  4	  4	  1	  4	  2	  4	  3	  2	  2	  4	  4	  4	  1	  3	  4	  4	  5	  5	  5	  4	  3	  5	  2	  3	  5	  2	  3	  2	  4	  2	  2	  1	  3	  4	  1	 20	 24	 20	F
   4	  3	  4	  5	  4	  5	  3	  1	  5	  3	  4	  4	  4	  2	  3	  2	  4	  3	  2	  4	  2	  4	  2	  1	  4	  2	  2	  4	  4	  4	  1	  4	  4	  2	  1	  4	  5	  5	  5	  5	  3	  3	  4	  3	  5	  4	  2	  4	  4	  3	  4	  2	  3	  3	  2	  4	 21	 31	 28	M
   3	  2	  2	  1	  1	  1	  4	  1	  4	  4	  3	  3	  4	  2	  4	  1	  4	  4	  2	  4	  4	  2	  3	  1	  3	  4	  3	  4	  2	  1	  5	  5	  3	  3	  2	  4	  1	  3	  3	  4	  4	  4	  4	  4	  4	  3	  1	  2	  3	  2	  4	  1	  1	  1	  1	  3	 20	 19	 12	F
   3	  4	  3	  2	  1	  1	  4	  3	  4	  1	  2	  2	  4	  3	  4	  2	  4	  2	  2	  5	  4	  3	  2	  1	  4	  2	  3	  2	  1	  2	  1	  5	  4	  1	  3	  4	  4	  3	  1	  4	  4	  3	  4	  2	  5	  2	  2	  3	  1	  2	  1	  2	  1	  5	  1	  2	 20	 20	 21	F
   3	  2	  2	  2	  1	  2	  5	  1	  4	  4	  2	  2	  4	  1	  4	  1	  3	  4	  3	  4	  2	  3	  3	  1	  4	  4	  4	  2	  2	  2	  5	  3	  4	  3	  2	  3	  4	  4	  4	  4	  4	  4	  3	  3	  4	  4	  3	  4	  4	  5	  4	  2	  4	  3	  4	  5	 18	 38	 28	F
   3	  2	  2	  3	  1	  2	  4	  3	  4	  4	  2	  2	  4	  2	  4	  2	  4	  3	  2	  4	  3	  2	  3	  2	  4	  2	  4	  3	  4	  2	  5	  4	  3	  1	  3	  4	  4	  4	  2	  5	  5	  5	  5	  3	  4	  2	  3	  4	  4	  5	  3	  1	  4	  2	  4	  4	 21	 34	 31	F
   4	  1	  1	  1	  1	  1	  3	  4	  4	  2	  4	  4	  3	  2	  3	  4	  4	  2	  3	  4	  2	  4	  2	  2	  3	  3	  1	  3	  3	  4	  5	  5	  3	  1	  2	  4	  4	  5	  3	  4	  4	  3	  5	  3	  4	  5	  1	  4	  4	  5	  4	  4	  2	  4	  5	  4	 19	 37	 18	F
   4	  1	  2	  1	  1	  1	  4	  5	  5	  3	  4	  3	  5	  3	  3	  4	  5	  3	  1	  5	  3	  1	  4	  5	  4	  2	  2	  5	  4	  3	  2	  5	  5	  1	  5	  5	  2	  4	  4	  5	  3	  5	  5	  4	  4	  5	  3	  4	  4	  3	  4	  1	  2	  2	  3	  3	 21	 29	 25	F
   2	  3	  3	  1	  1	  2	  4	  2	  5	  4	  3	  2	  3	  2	  4	  1	  4	  4	  3	  3	  4	  3	  4	  1	  4	  3	  2	  2	  4	  4	  5	  5	  2	  4	  3	  2	  4	  4	  2	  4	  3	  4	  4	  2	  2	  4	  2	  4	  2	  4	  2	  1	  2	  1	  1	  4	 20	 23	 19	F
   2	  1	  2	  1	  1	  1	  3	  2	  4	  3	  4	  5	  4	  1	  4	  1	  4	  3	  2	  5	  4	  1	  2	  1	  4	  2	  2	  4	  4	  2	  4	  2	  5	  3	  2	  5	  5	  4	  4	  4	  3	  5	  5	  4	  5	  5	  4	  4	  5	  4	  4	  3	  4	  4	  4	  5	 21	 41	 21	M
   4	  3	  2	  2	  1	  1	  4	  3	  4	  4	  3	  3	  4	  2	  2	  2	  3	  2	  2	  4	  3	  3	  4	  1	  3	  2	  2	  3	  3	  4	  5	  4	  3	  4	  3	  3	  3	  5	  3	  4	  4	  3	  4	  4	  3	  4	  2	  4	  3	  3	  3	  1	  2	  2	  3	  4	 20	 27	 16	F
   2	  1	  2	  3	  1	  1	  4	  5	  5	  4	  3	  4	  5	  5	  4	  1	  4	  2	  2	  4	  2	  5	  3	  5	  4	  4	  2	  2	  4	  5	  5	  1	  4	  5	  3	  4	  5	  5	  5	  5	  4	  5	  5	  3	  4	  4	  1	  5	  5	  4	  5	  1	  3	  2	  4	  5	 21	 35	  7	F
   4	  2	  3	  1	  2	  2	  4	  3	  4	  2	  1	  4	  4	  2	  3	  1	  4	  4	  2	  4	  4	  2	  4	  1	  3	  1	  4	  3	  4	  3	  5	  5	  4	  3	  2	  3	  2	  4	  5	  5	  4	  4	  5	  4	  4	  2	  4	  5	  3	  2	  4	  2	  3	  4	  2	  5	 20	 34	 21	F
   3	  2	  3	  1	  1	  1	  4	  5	  5	  4	  3	  3	  5	  2	  4	  1	  5	  2	  2	  5	  5	  3	  4	  4	  5	  2	  2	  4	  3	  4	  5	  4	  4	  2	  3	  5	  5	  5	  3	  5	  4	  4	  4	  4	  5	  3	  2	  5	  4	  4	  4	  1	  3	  2	  2	  5	 18	 32	 17	F
   2	  3	  2	  2	  1	  2	  4	  1	  5	  3	  2	  3	  2	  4	  3	  3	  4	  5	  4	  4	  3	  3	  5	  1	  3	  5	  4	  3	  4	  4	  5	  5	  3	  3	  1	  4	  5	  5	  5	  4	  3	  5	  5	  3	  4	  5	  3	  4	  4	  3	  2	  4	  2	  5	  3	  3	 22	 33	 22	M
   4	  1	  2	  1	  1	  1	  4	  2	  5	  4	  4	  3	  4	  3	  4	  2	  4	  4	  3	  4	  3	  4	  3	  1	  2	  3	  3	  3	  4	  3	  4	  3	  4	  2	  3	  4	  4	  4	  4	  3	  3	  4	  5	  3	  4	  3	  2	  4	  3	  4	  2	  3	  3	  5	  3	  4	 22	 33	 18	F
   3	  2	  2	  3	  1	  1	  2	  3	  3	  2	  3	  2	  2	  4	  3	  3	  2	  1	  3	  3	  4	  5	  2	  2	  3	  1	  1	  1	  2	  5	  4	  5	  1	  1	  2	  5	  3	  2	  2	  5	  3	  5	  3	  2	  3	  4	  2	  3	  4	  5	  3	  3	  3	  5	  4	  3	 24	 35	 25	M
   2	  1	  1	  1	  1	  1	  2	  2	  4	  4	  3	  3	  5	  2	  4	  1	  4	  4	  3	  5	  4	  2	  3	  2	  4	  4	  1	  4	  4	  2	  5	  4	  4	  3	  3	  4	  5	  5	  4	  5	  4	  3	  5	  3	  5	  4	  2	  4	  4	  4	  4	  2	  3	  3	  2	  4	 19	 32	 24	F
   3	  1	  2	  1	  1	  1	  4	  3	  4	  4	  4	  3	  3	  4	  4	  3	  4	  2	  4	  4	  2	  4	  3	  3	  3	  2	  4	  2	  3	  5	  5	  5	  4	  3	  3	  3	  4	  4	  5	  4	  4	  5	  5	  3	  3	  5	  3	  3	  4	  4	  3	  1	  3	  2	  4	  4	 20	 31	 23	F
   2	  4	  4	  5	  5	  4	  2	  2	  4	  1	  2	  3	  4	  1	  2	  2	  3	  3	  2	  5	  2	  2	  3	  4	  4	  2	  4	  3	  2	  2	  4	  5	  4	  1	  4	  5	  4	  4	  2	  5	  3	  3	  4	  3	  3	  4	  1	  4	  2	  4	  3	  1	  2	  2	  1	  4	 21	 24	  0	F
   5	  1	  2	  1	  1	  1	  2	  4	  5	  2	  2	  4	  4	  2	  2	  1	  5	  1	  2	  4	  5	  2	  2	  4	  4	  2	  1	  4	  4	  2	  4	  4	  4	  2	  2	  5	  4	  1	  1	  5	  4	  4	  2	  2	  5	  2	  2	  4	  2	  4	  2	  2	  2	  4	  4	  2	 20	 28	 23	F
   3	  1	  3	  3	  1	  1	  5	  3	  5	  5	  5	  3	  5	  2	  4	  4	  3	  4	  4	  5	  2	  2	  4	  1	  3	  5	  5	  5	  4	  2	  5	  5	  3	  5	  5	  5	  4	  3	  3	  5	  4	  5	  5	  1	  4	  2	  1	  1	  2	  3	  3	  1	  2	  1	  1	  2	 17	 17	 26	F
   4	  3	  4	  2	  2	  4	  5	  5	  3	  3	  4	  3	  4	  5	  3	  2	  2	  3	  2	  2	  3	  5	  3	  1	  2	  1	  4	  4	  2	  4	  1	  4	  1	  1	  4	  4	  2	  5	  5	  4	  4	  5	  5	  3	  3	  5	  1	  3	  3	  1	  3	  1	  2	  1	  1	  3	 19	 19	 12	M
   4	  1	  2	  1	  1	  1	  4	  2	  5	  2	  2	  1	  4	  2	  2	  1	  4	  1	  2	  5	  3	  2	  2	  1	  4	  2	  1	  4	  2	  1	  1	  4	  3	  2	  1	  4	  4	  2	  1	  5	  4	  3	  3	  4	  5	  2	  2	  4	  4	  5	  4	  2	  3	  2	  2	  4	 23	 32	  0	F
   2	  2	  2	  1	  1	  1	  4	  2	  5	  2	  2	  3	  3	  4	  3	  3	  2	  3	  2	  3	  3	  4	  3	  2	  3	  2	  2	  2	  3	  4	  4	  5	  3	  2	  2	  3	  4	  4	  4	  3	  3	  3	  4	  2	  4	  4	  4	  4	  3	  5	  3	  3	  1	  4	  4	  4	 20	 35	 32	F
   3	  1	  2	  1	  1	  1	  3	  2	  5	  2	  3	  3	  5	  3	  2	  1	  5	  2	  2	  5	  4	  3	  4	  1	  2	  2	  2	  4	  2	  4	  3	  4	  3	  4	  2	  3	  4	  4	  1	  1	  3	  3	  1	  4	  2	  3	  1	  3	  2	  4	  2	  1	  2	  2	  4	  3	 20	 24	 22	F
   4	  2	  2	  2	  1	  1	  4	  2	  5	  4	  3	  4	  5	  4	  4	  1	  5	  2	  3	  4	  4	  3	  3	  2	  4	  1	  1	  3	  3	  4	  5	  4	  4	  4	  2	  3	  5	  4	  2	  5	  3	  4	  4	  3	  5	  5	  2	  3	  5	  4	  5	  4	  3	  4	  4	  4	 25	 38	  0	F
   3	  1	  1	  2	  1	  1	  3	  1	  4	  4	  4	  3	  5	  3	  4	  2	  5	  4	  2	  5	  5	  4	  4	  3	  2	  3	  4	  5	  5	  4	  5	  5	  5	  5	  4	  5	  1	  4	  4	  4	  3	  4	  2	  2	  4	  4	  2	  2	  4	  3	  2	  1	  3	  1	  1	  2	 20	 21	 20	F
   4	  1	  2	  1	  1	  1	  2	  4	  5	  2	  2	  4	  4	  2	  2	  1	  5	  1	  2	  4	  4	  2	  5	  2	  5	  1	  4	  3	  2	  4	  5	  4	  4	  1	  2	  5	  5	  5	  2	  4	  3	  3	  5	  2	  4	  4	  1	  4	  4	  4	  4	  1	  1	  4	  2	  4	 20	 29	 21	F
   3	  2	  1	  1	  1	  1	  5	  1	  4	  3	  5	  3	  3	  2	  4	  1	  4	  3	  3	  3	  3	  3	  3	  1	  5	  3	  4	  1	  3	  3	  5	  5	  3	  5	  3	  2	  5	  5	  3	  4	  3	  5	  5	  3	  4	  3	  1	  4	  1	  3	  1	  1	  1	  1	  2	  4	 19	 19	 23	F
   4	  1	  1	  1	  1	  1	  5	  2	  5	  5	  4	  4	  5	  2	  5	  2	  5	  2	  3	  5	  4	  2	  2	  1	  4	  2	  2	  3	  3	  4	  4	  5	  3	  2	  2	  4	  4	  5	  4	  4	  4	  2	  5	  3	  4	  4	  2	  4	  2	  1	  2	  1	  2	  1	  1	  4	 19	 20	 20	F
   4	  1	  3	  3	  2	  2	  2	  4	  4	  2	  2	  2	  2	  2	  3	  1	  4	  1	  4	  4	  4	  4	  2	  2	  2	  2	  2	  1	  2	  4	  1	  5	  2	  1	  3	  4	  4	  5	  2	  4	  2	  4	  5	  3	  4	  5	  4	  4	  4	  5	  4	  4	  4	  5	  4	  4	 22	 42	 28	F
   4	  3	  2	  2	  2	  1	  3	  5	  4	  2	  3	  3	  4	  1	  4	  2	  4	  4	  2	  4	  3	  4	  2	  2	  5	  2	  3	  4	  4	  3	  5	  2	  3	  2	  2	  4	  4	  4	  2	  4	  4	  3	  3	  3	  4	  4	  2	  4	  5	  5	  5	  1	  5	  5	  5	  4	 35	 41	 31	M
   3	  1	  2	  2	  1	  2	  4	  2	  5	  4	  2	  2	  4	  2	  2	  4	  4	  1	  2	  4	  4	  4	  4	  5	  4	  1	  4	  2	  2	  4	  4	  5	  2	  1	  2	  1	  4	  5	  2	  4	  5	  4	  5	  4	  5	  5	  2	  5	  5	  4	  4	  2	  4	  2	  4	  5	 18	 37	 18	F
   3	  2	  2	  1	  1	  1	  4	  2	  5	  4	  4	  4	  4	  2	  3	  2	  4	  2	  2	  4	  2	  3	  3	  2	  4	  1	  4	  3	  2	  4	  2	  3	  3	  2	  3	  2	  4	  5	  5	  5	  4	  5	  5	  2	  3	  4	  4	  4	  4	  4	  4	  2	  3	  4	  4	  3	 19	 36	 30	F
   4	  1	  2	  1	  1	  1	  5	  2	  5	  4	  2	  4	  5	  4	  4	  3	  5	  4	  2	  4	  5	  3	  3	  1	  2	  3	  2	  3	  4	  3	  2	  5	  2	  2	  1	  5	  5	  4	  3	  5	  4	  4	  5	  3	  4	  4	  2	  3	  1	  3	  1	  1	  1	  1	  2	  3	 21	 18	 19	M
